{
  "depot": {
    "id": 80,
    "name": "Depot 80"
  },
  "num_nodes": 80,
  "nodes": [
    {
      "id": 1,
      "name": "Node 1",
      "general_demand": 15.0,
      "recycle_demand": 5.0
    },
    {
      "id": 2,
      "name": "Node 2",
      "general_demand": 20.0,
      "recycle_demand": 0.0
    },
    {
      "id": 3,
      "name": "Node 3",
      "general_demand": 0.0,
      "recycle_demand": 0.0
    },
    {
      "id": 4,
      "name": "Node 4",
      "general_demand": 40.0,
      "recycle_demand": 4.0
    },
    {
      "id": 5,
      "name": "Node 5",
      "general_demand": 170.0,
      "recycle_demand": 12.0
    },
    {
      "id": 6,
      "name": "Node 6",
      "general_demand": 5.0,
      "recycle_demand": 1.0
    },
    {
      "id": 7,
      "name": "Node 7",
      "general_demand": 24.0,
      "recycle_demand": 4.0
    },
    {
      "id": 8,
      "name": "Node 8",
      "general_demand": 120.0,
      "recycle_demand": 6.0
    },
    {
      "id": 9,
      "name": "Node 9",
      "general_demand": 60.0,
      "recycle_demand": 5.0
    },
    {
      "id": 10,
      "name": "Node 10",
      "general_demand": 16.0,
      "recycle_demand": 1.0
    },
    {
      "id": 11,
      "name": "Node 11",
      "general_demand": 30.0,
      "recycle_demand": 1.0
    },
    {
      "id": 12,
      "name": "Node 12",
      "general_demand": 8.0,
      "recycle_demand": 0.0
    },
    {
      "id": 13,
      "name": "Node 13",
      "general_demand": 7.0,
      "recycle_demand": 0.0
    },
    {
      "id": 14,
      "name": "Node 14",
      "general_demand": 2.0,
      "recycle_demand": 0.0
    },
    {
      "id": 15,
      "name": "Node 15",
      "general_demand": 19.0,
      "recycle_demand": 3.0
    },
    {
      "id": 16,
      "name": "Node 16",
      "general_demand": 10.0,
      "recycle_demand": 0.0
    },
    {
      "id": 17,
      "name": "Node 17",
      "general_demand": 17.0,
      "recycle_demand": 2.0
    },
    {
      "id": 18,
      "name": "Node 18",
      "general_demand": 10.0,
      "recycle_demand": 0.0
    },
    {
      "id": 19,
      "name": "Node 19",
      "general_demand": 15.0,
      "recycle_demand": 0.0
    },
    {
      "id": 20,
      "name": "Node 20",
      "general_demand": 11.0,
      "recycle_demand": 0.0
    },
    {
      "id": 21,
      "name": "Node 21",
      "general_demand": 3.0,
      "recycle_demand": 0.0
    },
    {
      "id": 22,
      "name": "Node 22",
      "general_demand": 3.0,
      "recycle_demand": 0.0
    },
    {
      "id": 23,
      "name": "Node 23",
      "general_demand": 21.0,
      "recycle_demand": 4.0
    },
    {
      "id": 24,
      "name": "Node 24",
      "general_demand": 18.0,
      "recycle_demand": 0.0
    },
    {
      "id": 25,
      "name": "Node 25",
      "general_demand": 12.0,
      "recycle_demand": 0.0
    },
    {
      "id": 26,
      "name": "Node 26",
      "general_demand": 20.0,
      "recycle_demand": 3.0
    },
    {
      "id": 27,
      "name": "Node 27",
      "general_demand": 10.0,
      "recycle_demand": 0.0
    },
    {
      "id": 28,
      "name": "Node 28",
      "general_demand": 19.0,
      "recycle_demand": 0.0
    },
    {
      "id": 29,
      "name": "Node 29",
      "general_demand": 23.0,
      "recycle_demand": 3.0
    },
    {
      "id": 30,
      "name": "Node 30",
      "general_demand": 24.0,
      "recycle_demand": 5.0
    },
    {
      "id": 31,
      "name": "Node 31",
      "general_demand": 22.0,
      "recycle_demand": 3.0
    },
    {
      "id": 32,
      "name": "Node 32",
      "general_demand": 15.0,
      "recycle_demand": 0.0
    },
    {
      "id": 33,
      "name": "Node 33",
      "general_demand": 16.0,
      "recycle_demand": 0.0
    },
    {
      "id": 34,
      "name": "Node 34",
      "general_demand": 3.0,
      "recycle_demand": 0.0
    },
    {
      "id": 35,
      "name": "Node 35",
      "general_demand": 2.0,
      "recycle_demand": 0.0
    },
    {
      "id": 36,
      "name": "Node 36",
      "general_demand": 5.0,
      "recycle_demand": 0.0
    },
    {
      "id": 37,
      "name": "Node 37",
      "general_demand": 21.0,
      "recycle_demand": 0.0
    },
    {
      "id": 38,
      "name": "Node 38",
      "general_demand": 17.0,
      "recycle_demand": 0.0
    },
    {
      "id": 39,
      "name": "Node 39",
      "general_demand": 15.0,
      "recycle_demand": 4.0
    },
    {
      "id": 40,
      "name": "Node 40",
      "general_demand": 25.0,
      "recycle_demand": 3.0
    },
    {
      "id": 41,
      "name": "Node 41",
      "general_demand": 20.0,
      "recycle_demand": 3.0
    },
    {
      "id": 42,
      "name": "Node 42",
      "general_demand": 3.0,
      "recycle_demand": 0.0
    },
    {
      "id": 43,
      "name": "Node 43",
      "general_demand": 8.0,
      "recycle_demand": 0.0
    },
    {
      "id": 44,
      "name": "Node 44",
      "general_demand": 8.0,
      "recycle_demand": 0.0
    },
    {
      "id": 45,
      "name": "Node 45",
      "general_demand": 22.0,
      "recycle_demand": 0.0
    },
    {
      "id": 46,
      "name": "Node 46",
      "general_demand": 16.0,
      "recycle_demand": 0.0
    },
    {
      "id": 47,
      "name": "Node 47",
      "general_demand": 30.0,
      "recycle_demand": 5.0
    },
    {
      "id": 48,
      "name": "Node 48",
      "general_demand": 19.0,
      "recycle_demand": 3.0
    },
    {
      "id": 49,
      "name": "Node 49",
      "general_demand": 14.0,
      "recycle_demand": 2.0
    },
    {
      "id": 50,
      "name": "Node 50",
      "general_demand": 10.0,
      "recycle_demand": 0.0
    },
    {
      "id": 51,
      "name": "Node 51",
      "general_demand": 19.0,
      "recycle_demand": 0.0
    },
    {
      "id": 52,
      "name": "Node 52",
      "general_demand": 20.0,
      "recycle_demand": 4.0
    },
    {
      "id": 53,
      "name": "Node 53",
      "general_demand": 26.0,
      "recycle_demand": 3.0
    },
    {
      "id": 54,
      "name": "Node 54",
      "general_demand": 21.0,
      "recycle_demand": 0.0
    },
    {
      "id": 55,
      "name": "Node 55",
      "general_demand": 16.0,
      "recycle_demand": 0.0
    },
    {
      "id": 56,
      "name": "Node 56",
      "general_demand": 3.0,
      "recycle_demand": 0.0
    },
    {
      "id": 57,
      "name": "Node 57",
      "general_demand": 14.0,
      "recycle_demand": 0.0
    },
    {
      "id": 58,
      "name": "Node 58",
      "general_demand": 10.0,
      "recycle_demand": 0.0
    },
    {
      "id": 59,
      "name": "Node 59",
      "general_demand": 31.0,
      "recycle_demand": 5.0
    },
    {
      "id": 60,
      "name": "Node 60",
      "general_demand": 12.0,
      "recycle_demand": 0.0
    },
    {
      "id": 61,
      "name": "Node 61",
      "general_demand": 23.0,
      "recycle_demand": 0.0
    },
    {
      "id": 62,
      "name": "Node 62",
      "general_demand": 7.0,
      "recycle_demand": 0.0
    },
    {
      "id": 63,
      "name": "Node 63",
      "general_demand": 17.0,
      "recycle_demand": 0.0
    },
    {
      "id": 64,
      "name": "Node 64",
      "general_demand": 23.0,
      "recycle_demand": 2.0
    },
    {
      "id": 65,
      "name": "Node 65",
      "general_demand": 8.0,
      "recycle_demand": 0.0
    },
    {
      "id": 66,
      "name": "Node 66",
      "general_demand": 18.0,
      "recycle_demand": 0.0
    },
    {
      "id": 67,
      "name": "Node 67",
      "general_demand": 6.0,
      "recycle_demand": 0.0
    },
    {
      "id": 68,
      "name": "Node 68",
      "general_demand": 20.0,
      "recycle_demand": 0.0
    },
    {
      "id": 69,
      "name": "Node 69",
      "general_demand": 19.0,
      "recycle_demand": 0.0
    },
    {
      "id": 70,
      "name": "Node 70",
      "general_demand": 17.0,
      "recycle_demand": 0.0
    },
    {
      "id": 71,
      "name": "Node 71",
      "general_demand": 10.0,
      "recycle_demand": 0.0
    },
    {
      "id": 72,
      "name": "Node 72",
      "general_demand": 4.0,
      "recycle_demand": 0.0
    },
    {
      "id": 73,
      "name": "Node 73",
      "general_demand": 15.0,
      "recycle_demand": 0.0
    },
    {
      "id": 74,
      "name": "Node 74",
      "general_demand": 11.0,
      "recycle_demand": 0.0
    },
    {
      "id": 75,
      "name": "Node 75",
      "general_demand": 10.0,
      "recycle_demand": 0.0
    },
    {
      "id": 76,
      "name": "Node 76",
      "general_demand": 10.0,
      "recycle_demand": 0.0
    },
    {
      "id": 77,
      "name": "Node 77",
      "general_demand": 110.0,
      "recycle_demand": 10.0
    },
    {
      "id": 78,
      "name": "Node 78",
      "general_demand": 9.0,
      "recycle_demand": 1.0
    },
    {
      "id": 79,
      "name": "Node 79",
      "general_demand": 10.0,
      "recycle_demand": 0.0
    },
    {
      "id": 80,
      "name": "Depot (80)",
      "general_demand": 0.0,
      "recycle_demand": 0.0
    }
  ],
  "vehicles": [
    {
      "type": "A",
      "general_capacity": 2000.0,
      "recycle_capacity": 200.0,
      "fixed_cost": 2400.0,
      "fuel_cost_per_distance": 8.0
    },
    {
      "type": "B",
      "general_capacity": 2000.0,
      "recycle_capacity": 200.0,
      "fixed_cost": 2400.0,
      "fuel_cost_per_distance": 8.0
    },
    {
      "type": "C",
      "general_capacity": 2000.0,
      "recycle_capacity": 200.0,
      "fixed_cost": 2400.0,
      "fuel_cost_per_distance": 9.0
    }
  ],
  "distance_matrix": [
    [
      0.0,
      122.0,
      261.0,
      430.0,
      400.0,
      326.0,
      421.0,
      479.0,
      516.0,
      639.0,
      822.0,
      1000.0,
      355.0,
      299.0,
      505.0,
      469.0,
      597.0,
      687.0,
      912.0,
      1097.0,
      1198.0,
      1283.0,
      1076.0,
      1180.0,
      937.0,
      1032.0,
      1132.0,
      859.0,
      956.0,
      776.0,
      874.0,
      566.0,
      652.0,
      384.0,
      488.0,
      573.0,
      747.0,
      672.0,
      878.0,
      967.0,
      1175.0,
      1385.0,
      1126.0,
      1483.0,
      1282.0,
      1225.0,
      1064.0,
      972.0,
      773.0,
      864.0,
      951.0,
      1057.0,
      1173.0,
      1315.0,
      1362.0,
      1672.0,
      1465.0,
      1408.0,
      1236.0,
      1152.0,
      1033.0,
      1148.0,
      1247.0,
      1346.0,
      1489.0,
      1533.0,
      1758.0,
      1632.0,
      1568.0,
      1418.0,
      1344.0,
      1995.0,
      1754.0,
      1719.0,
      1567.0,
      1604.0,
      2298.0,
      233.0,
      444.0,
      535.0
    ],
    [
      122.0,
      0.0,
      138.0,
      308.0,
      442.0,
      368.0,
      463.0,
      522.0,
      558.0,
      681.0,
      864.0,
      1042.0,
      325.0,
      268.0,
      547.0,
      438.0,
      639.0,
      729.0,
      954.0,
      1139.0,
      1240.0,
      1325.0,
      1118.0,
      1222.0,
      979.0,
      1074.0,
      1174.0,
      901.0,
      998.0,
      818.0,
      916.0,
      535.0,
      622.0,
      353.0,
      458.0,
      543.0,
      716.0,
      641.0,
      920.0,
      1010.0,
      1217.0,
      1427.0,
      1168.0,
      1525.0,
      1324.0,
      1267.0,
      1106.0,
      1014.0,
      742.0,
      833.0,
      920.0,
      1099.0,
      1215.0,
      1357.0,
      1404.0,
      1714.0,
      1507.0,
      1450.0,
      1278.0,
      1194.0,
      1003.0,
      1117.0,
      1289.0,
      1388.0,
      1531.0,
      1575.0,
      1800.0,
      1674.0,
      1610.0,
      1460.0,
      1386.0,
      2037.0,
      1796.0,
      1761.0,
      1609.0,
      1573.0,
      2340.0,
      202.0,
      414.0,
      504.0
    ],
    [
      261.0,
      138.0,
      0.0,
      169.0,
      580.0,
      506.0,
      601.0,
      660.0,
      696.0,
      819.0,
      1003.0,
      1180.0,
      463.0,
      407.0,
      685.0,
      577.0,
      777.0,
      867.0,
      1093.0,
      1277.0,
      1378.0,
      1463.0,
      1257.0,
      1360.0,
      1118.0,
      1212.0,
      1313.0,
      1040.0,
      1136.0,
      956.0,
      1054.0,
      673.0,
      760.0,
      491.0,
      596.0,
      681.0,
      855.0,
      779.0,
      1058.0,
      1148.0,
      1355.0,
      1565.0,
      1306.0,
      1663.0,
      1462.0,
      1405.0,
      1245.0,
      1153.0,
      881.0,
      971.0,
      1058.0,
      1237.0,
      1353.0,
      1496.0,
      1542.0,
      1853.0,
      1645.0,
      1589.0,
      1416.0,
      1333.0,
      1141.0,
      1255.0,
      1428.0,
      1527.0,
      1669.0,
      1714.0,
      1938.0,
      1813.0,
      1749.0,
      1598.0,
      1524.0,
      2176.0,
      1935.0,
      1899.0,
      1748.0,
      1711.0,
      2478.0,
      340.0,
      552.0,
      642.0
    ],
    [
      430.0,
      308.0,
      169.0,
      0.0,
      306.0,
      490.0,
      586.0,
      644.0,
      681.0,
      804.0,
      987.0,
      1165.0,
      632.0,
      576.0,
      670.0,
      746.0,
      762.0,
      851.0,
      1077.0,
      1262.0,
      1363.0,
      1448.0,
      1241.0,
      1345.0,
      1102.0,
      1197.0,
      1297.0,
      1024.0,
      1120.0,
      941.0,
      1039.0,
      843.0,
      929.0,
      661.0,
      765.0,
      850.0,
      1024.0,
      949.0,
      1043.0,
      1132.0,
      1340.0,
      1549.0,
      1291.0,
      1648.0,
      1445.0,
      1389.0,
      1229.0,
      1137.0,
      1050.0,
      1140.0,
      1228.0,
      1222.0,
      1338.0,
      1480.0,
      1527.0,
      1837.0,
      1630.0,
      1657.0,
      1401.0,
      1317.0,
      1310.0,
      1425.0,
      1412.0,
      1511.0,
      1654.0,
      1698.0,
      1827.0,
      1797.0,
      1733.0,
      1582.0,
      1509.0,
      2160.0,
      1919.0,
      1884.0,
      1732.0,
      1880.0,
      2463.0,
      509.0,
      721.0,
      812.0
    ],
    [
      400.0,
      442.0,
      580.0,
      306.0,
      0.0,
      185.0,
      280.0,
      338.0,
      375.0,
      498.0,
      681.0,
      859.0,
      675.0,
      618.0,
      364.0,
      535.0,
      456.0,
      546.0,
      771.0,
      956.0,
      1057.0,
      1142.0,
      935.0,
      1039.0,
      796.0,
      891.0,
      991.0,
      718.0,
      815.0,
      635.0,
      733.0,
      625.0,
      720.0,
      703.0,
      808.0,
      893.0,
      817.0,
      991.0,
      737.0,
      826.0,
      1034.0,
      1243.0,
      985.0,
      1342.0,
      1139.0,
      1084.0,
      923.0,
      831.0,
      1092.0,
      1183.0,
      991.0,
      916.0,
      1032.0,
      1174.0,
      1221.0,
      1531.0,
      1324.0,
      1351.0,
      1095.0,
      1011.0,
      1096.0,
      1177.0,
      1106.0,
      1205.0,
      1348.0,
      1392.0,
      1521.0,
      1491.0,
      1427.0,
      1277.0,
      1203.0,
      1854.0,
      1613.0,
      1578.0,
      1426.0,
      1597.0,
      2157.0,
      552.0,
      764.0,
      854.0
    ],
    [
      326.0,
      368.0,
      506.0,
      490.0,
      185.0,
      0.0,
      95.0,
      154.0,
      190.0,
      313.0,
      607.0,
      785.0,
      601.0,
      544.0,
      179.0,
      350.0,
      271.0,
      361.0,
      697.0,
      882.0,
      983.0,
      1068.0,
      752.0,
      856.0,
      613.0,
      707.0,
      808.0,
      534.0,
      630.0,
      450.0,
      548.0,
      440.0,
      535.0,
      629.0,
      734.0,
      819.0,
      633.0,
      917.0,
      552.0,
      642.0,
      851.0,
      1169.0,
      802.0,
      1268.0,
      954.0,
      897.0,
      739.0,
      647.0,
      902.0,
      993.0,
      807.0,
      732.0,
      848.0,
      988.0,
      1034.0,
      1340.0,
      1138.0,
      1167.0,
      910.0,
      827.0,
      911.0,
      992.0,
      922.0,
      1021.0,
      1164.0,
      1208.0,
      1337.0,
      1307.0,
      1243.0,
      1092.0,
      1018.0,
      1670.0,
      1429.0,
      1393.0,
      1242.0,
      1412.0,
      1972.0,
      478.0,
      690.0,
      780.0
    ],
    [
      421.0,
      463.0,
      601.0,
      586.0,
      280.0,
      95.0,
      0.0,
      209.0,
      95.0,
      218.0,
      702.0,
      880.0,
      696.0,
      639.0,
      84.0,
      255.0,
      176.0,
      266.0,
      792.0,
      977.0,
      1078.0,
      1163.0,
      657.0,
      761.0,
      518.0,
      612.0,
      713.0,
      439.0,
      535.0,
      355.0,
      453.0,
      345.0,
      440.0,
      724.0,
      519.0,
      604.0,
      538.0,
      802.0,
      457.0,
      547.0,
      756.0,
      1265.0,
      706.0,
      988.0,
      859.0,
      802.0,
      644.0,
      552.0,
      807.0,
      898.0,
      712.0,
      636.0,
      752.0,
      893.0,
      939.0,
      1245.0,
      1042.0,
      1072.0,
      815.0,
      732.0,
      816.0,
      897.0,
      827.0,
      926.0,
      1068.0,
      1113.0,
      1242.0,
      1212.0,
      1148.0,
      997.0,
      923.0,
      1575.0,
      1334.0,
      1298.0,
      1147.0,
      1317.0,
      1877.0,
      573.0,
      785.0,
      875.0
    ],
    [
      479.0,
      522.0,
      660.0,
      644.0,
      338.0,
      154.0,
      209.0,
      0.0,
      114.0,
      151.0,
      330.0,
      874.0,
      330.0,
      698.0,
      228.0,
      399.0,
      320.0,
      419.0,
      420.0,
      635.0,
      637.0,
      722.0,
      584.0,
      688.0,
      445.0,
      540.0,
      640.0,
      583.0,
      679.0,
      499.0,
      598.0,
      489.0,
      584.0,
      783.0,
      664.0,
      749.0,
      682.0,
      946.0,
      602.0,
      691.0,
      683.0,
      824.0,
      634.0,
      918.0,
      790.0,
      732.0,
      788.0,
      696.0,
      951.0,
      1042.0,
      856.0,
      781.0,
      897.0,
      823.0,
      870.0,
      1107.0,
      973.0,
      916.0,
      959.0,
      876.0,
      960.0,
      1042.0,
      971.0,
      1070.0,
      1010.0,
      1054.0,
      1193.0,
      1168.0,
      1104.0,
      1141.0,
      1068.0,
      1719.0,
      1478.0,
      1442.0,
      1291.0,
      1462.0,
      2022.0,
      632.0,
      843.0,
      934.0
    ],
    [
      516.0,
      558.0,
      696.0,
      681.0,
      375.0,
      190.0,
      95.0,
      114.0,
      0.0,
      123.0,
      302.0,
      845.0,
      216.0,
      735.0,
      127.0,
      298.0,
      219.0,
      391.0,
      392.0,
      607.0,
      609.0,
      694.0,
      556.0,
      660.0,
      417.0,
      511.0,
      612.0,
      592.0,
      689.0,
      398.0,
      496.0,
      387.0,
      483.0,
      570.0,
      562.0,
      647.0,
      580.0,
      844.0,
      500.0,
      677.0,
      655.0,
      796.0,
      605.0,
      890.0,
      762.0,
      704.0,
      766.0,
      594.0,
      850.0,
      940.0,
      754.0,
      679.0,
      843.0,
      795.0,
      842.0,
      1079.0,
      945.0,
      888.0,
      858.0,
      774.0,
      859.0,
      940.0,
      869.0,
      968.0,
      981.0,
      1026.0,
      1164.0,
      1139.0,
      1075.0,
      1039.0,
      966.0,
      1472.0,
      1376.0,
      1341.0,
      1189.0,
      1360.0,
      1920.0,
      668.0,
      880.0,
      971.0
    ],
    [
      639.0,
      681.0,
      819.0,
      804.0,
      498.0,
      313.0,
      218.0,
      151.0,
      123.0,
      0.0,
      179.0,
      723.0,
      339.0,
      982.0,
      249.0,
      420.0,
      341.0,
      268.0,
      269.0,
      484.0,
      486.0,
      571.0,
      433.0,
      537.0,
      294.0,
      389.0,
      489.0,
      469.0,
      566.0,
      520.0,
      619.0,
      630.0,
      605.0,
      1067.0,
      1171.0,
      1257.0,
      703.0,
      1355.0,
      623.0,
      554.0,
      532.0,
      673.0,
      483.0,
      767.0,
      639.0,
      582.0,
      644.0,
      717.0,
      1456.0,
      1547.0,
      877.0,
      802.0,
      721.0,
      672.0,
      719.0,
      956.0,
      822.0,
      765.0,
      838.0,
      897.0,
      981.0,
      1063.0,
      992.0,
      911.0,
      859.0,
      903.0,
      1042.0,
      1017.0,
      953.0,
      1013.0,
      1089.0,
      1350.0,
      1147.0,
      1263.0,
      1312.0,
      1483.0,
      2043.0,
      916.0,
      1127.0,
      1218.0
    ],
    [
      822.0,
      864.0,
      1003.0,
      987.0,
      681.0,
      607.0,
      702.0,
      330.0,
      302.0,
      179.0,
      0.0,
      145.0,
      1097.0,
      1041.0,
      786.0,
      957.0,
      878.0,
      327.0,
      279.0,
      241.0,
      342.0,
      427.0,
      477.0,
      559.0,
      353.0,
      447.0,
      548.0,
      528.0,
      625.0,
      699.0,
      797.0,
      689.0,
      784.0,
      1126.0,
      1230.0,
      1315.0,
      882.0,
      1414.0,
      801.0,
      613.0,
      564.0,
      529.0,
      542.0,
      628.0,
      651.0,
      640.0,
      703.0,
      896.0,
      1515.0,
      1606.0,
      1055.0,
      980.0,
      779.0,
      731.0,
      750.0,
      817.0,
      841.0,
      824.0,
      896.0,
      1076.0,
      1160.0,
      1238.0,
      1170.0,
      970.0,
      917.0,
      949.0,
      902.0,
      1018.0,
      1012.0,
      1072.0,
      1267.0,
      1210.0,
      1206.0,
      1487.0,
      1490.0,
      1661.0,
      2221.0,
      975.0,
      1186.0,
      1277.0
    ],
    [
      1000.0,
      1042.0,
      1180.0,
      1165.0,
      859.0,
      785.0,
      880.0,
      874.0,
      845.0,
      723.0,
      145.0,
      0.0,
      1275.0,
      1219.0,
      964.0,
      1135.0,
      1056.0,
      533.0,
      135.0,
      97.0,
      198.0,
      283.0,
      332.0,
      414.0,
      376.0,
      471.0,
      656.0,
      551.0,
      648.0,
      722.0,
      820.0,
      712.0,
      807.0,
      1303.0,
      1408.0,
      1493.0,
      905.0,
      1165.0,
      824.0,
      636.0,
      419.0,
      385.0,
      663.0,
      483.0,
      507.0,
      660.0,
      723.0,
      919.0,
      1171.0,
      1262.0,
      1079.0,
      1003.0,
      799.0,
      751.0,
      606.0,
      672.0,
      697.0,
      844.0,
      916.0,
      1099.0,
      1183.0,
      1259.0,
      1193.0,
      991.0,
      938.0,
      804.0,
      758.0,
      873.0,
      1031.0,
      1091.0,
      1290.0,
      1066.0,
      1217.0,
      1342.0,
      1513.0,
      1684.0,
      2244.0,
      1152.0,
      1364.0,
      1455.0
    ],
    [
      355.0,
      325.0,
      463.0,
      632.0,
      675.0,
      601.0,
      696.0,
      330.0,
      216.0,
      339.0,
      1097.0,
      1275.0,
      0.0,
      166.0,
      205.0,
      208.0,
      297.0,
      387.0,
      966.0,
      1151.0,
      1252.0,
      1336.0,
      778.0,
      882.0,
      639.0,
      733.0,
      834.0,
      560.0,
      656.0,
      476.0,
      574.0,
      433.0,
      520.0,
      251.0,
      356.0,
      441.0,
      614.0,
      539.0,
      578.0,
      668.0,
      877.0,
      1103.0,
      828.0,
      1109.0,
      980.0,
      923.0,
      765.0,
      673.0,
      640.0,
      731.0,
      818.0,
      758.0,
      874.0,
      1014.0,
      1060.0,
      1366.0,
      1164.0,
      1193.0,
      936.0,
      853.0,
      901.0,
      1015.0,
      948.0,
      1047.0,
      1190.0,
      1234.0,
      1363.0,
      1333.0,
      1269.0,
      1118.0,
      1044.0,
      1696.0,
      1455.0,
      1419.0,
      1268.0,
      1471.0,
      1998.0,
      435.0,
      647.0,
      737.0
    ],
    [
      299.0,
      268.0,
      407.0,
      576.0,
      618.0,
      544.0,
      639.0,
      698.0,
      735.0,
      982.0,
      1041.0,
      1219.0,
      166.0,
      0.0,
      723.0,
      170.0,
      435.0,
      905.0,
      1131.0,
      1316.0,
      1417.0,
      1501.0,
      830.0,
      934.0,
      692.0,
      786.0,
      887.0,
      612.0,
      709.0,
      529.0,
      721.0,
      267.0,
      353.0,
      85.0,
      189.0,
      274.0,
      448.0,
      373.0,
      717.0,
      720.0,
      929.0,
      1154.0,
      880.0,
      1160.0,
      1031.0,
      974.0,
      816.0,
      724.0,
      474.0,
      564.0,
      652.0,
      808.0,
      924.0,
      1065.0,
      1111.0,
      1417.0,
      1214.0,
      1158.0,
      987.0,
      904.0,
      734.0,
      849.0,
      999.0,
      1098.0,
      1240.0,
      1285.0,
      1414.0,
      1384.0,
      1320.0,
      1169.0,
      1095.0,
      1747.0,
      1506.0,
      1470.0,
      1319.0,
      1304.0,
      2049.0,
      378.0,
      590.0,
      681.0
    ],
    [
      505.0,
      547.0,
      685.0,
      670.0,
      364.0,
      179.0,
      84.0,
      228.0,
      127.0,
      249.0,
      786.0,
      964.0,
      205.0,
      723.0,
      0.0,
      171.0,
      92.0,
      182.0,
      586.0,
      624.0,
      626.0,
      711.0,
      573.0,
      677.0,
      434.0,
      528.0,
      629.0,
      355.0,
      451.0,
      271.0,
      369.0,
      261.0,
      356.0,
      443.0,
      435.0,
      520.0,
      454.0,
      718.0,
      373.0,
      463.0,
      672.0,
      898.0,
      622.0,
      904.0,
      775.0,
      718.0,
      560.0,
      468.0,
      723.0,
      814.0,
      628.0,
      552.0,
      669.0,
      809.0,
      855.0,
      1161.0,
      958.0,
      988.0,
      731.0,
      648.0,
      732.0,
      813.0,
      743.0,
      842.0,
      984.0,
      1029.0,
      1158.0,
      1128.0,
      1064.0,
      913.0,
      839.0,
      1491.0,
      1250.0,
      1214.0,
      1063.0,
      1233.0,
      1793.0,
      657.0,
      869.0,
      959.0
    ],
    [
      469.0,
      438.0,
      577.0,
      746.0,
      535.0,
      350.0,
      255.0,
      399.0,
      298.0,
      420.0,
      957.0,
      1135.0,
      208.0,
      170.0,
      171.0,
      0.0,
      182.0,
      272.0,
      677.0,
      714.0,
      716.0,
      801.0,
      663.0,
      767.0,
      524.0,
      619.0,
      719.0,
      445.0,
      541.0,
      361.0,
      460.0,
      345.0,
      432.0,
      163.0,
      267.0,
      353.0,
      526.0,
      451.0,
      464.0,
      553.0,
      762.0,
      988.0,
      713.0,
      994.0,
      866.0,
      808.0,
      650.0,
      558.0,
      552.0,
      643.0,
      730.0,
      643.0,
      759.0,
      899.0,
      946.0,
      1251.0,
      1049.0,
      1078.0,
      821.0,
      738.0,
      812.0,
      927.0,
      833.0,
      932.0,
      1075.0,
      1119.0,
      1248.0,
      1218.0,
      1154.0,
      1003.0,
      930.0,
      1581.0,
      1340.0,
      1304.0,
      1153.0,
      1383.0,
      1884.0,
      549.0,
      760.0,
      851.0
    ],
    [
      597.0,
      639.0,
      777.0,
      762.0,
      456.0,
      271.0,
      176.0,
      320.0,
      219.0,
      341.0,
      878.0,
      1056.0,
      297.0,
      435.0,
      92.0,
      182.0,
      0.0,
      193.0,
      494.0,
      532.0,
      534.0,
      619.0,
      481.0,
      585.0,
      342.0,
      436.0,
      537.0,
      263.0,
      359.0,
      179.0,
      277.0,
      169.0,
      264.0,
      351.0,
      343.0,
      428.0,
      362.0,
      626.0,
      281.0,
      371.0,
      580.0,
      806.0,
      530.0,
      812.0,
      683.0,
      626.0,
      468.0,
      376.0,
      631.0,
      722.0,
      536.0,
      460.0,
      576.0,
      717.0,
      763.0,
      1069.0,
      866.0,
      896.0,
      639.0,
      556.0,
      640.0,
      721.0,
      650.0,
      750.0,
      892.0,
      937.0,
      1066.0,
      1036.0,
      972.0,
      821.0,
      747.0,
      1399.0,
      1158.0,
      1122.0,
      971.0,
      1141.0,
      1701.0,
      749.0,
      961.0,
      1051.0
    ],
    [
      687.0,
      729.0,
      867.0,
      851.0,
      546.0,
      361.0,
      266.0,
      419.0,
      391.0,
      268.0,
      327.0,
      533.0,
      387.0,
      905.0,
      182.0,
      272.0,
      193.0,
      0.0,
      221.0,
      436.0,
      438.0,
      523.0,
      385.0,
      489.0,
      246.0,
      340.0,
      441.0,
      421.0,
      518.0,
      372.0,
      470.0,
      362.0,
      457.0,
      544.0,
      537.0,
      622.0,
      555.0,
      819.0,
      475.0,
      506.0,
      484.0,
      625.0,
      435.0,
      719.0,
      591.0,
      533.0,
      595.0,
      569.0,
      824.0,
      915.0,
      729.0,
      654.0,
      672.0,
      624.0,
      671.0,
      908.0,
      774.0,
      717.0,
      832.0,
      749.0,
      833.0,
      915.0,
      844.0,
      943.0,
      810.0,
      855.0,
      994.0,
      968.0,
      904.0,
      1014.0,
      941.0,
      1302.0,
      1351.0,
      1315.0,
      1164.0,
      1334.0,
      1894.0,
      839.0,
      1051.0,
      1141.0
    ],
    [
      912.0,
      954.0,
      1093.0,
      1077.0,
      771.0,
      697.0,
      792.0,
      420.0,
      392.0,
      269.0,
      279.0,
      135.0,
      966.0,
      1131.0,
      586.0,
      677.0,
      494.0,
      221.0,
      0.0,
      133.0,
      234.0,
      319.0,
      369.0,
      451.0,
      247.0,
      341.0,
      442.0,
      422.0,
      519.0,
      593.0,
      691.0,
      583.0,
      678.0,
      765.0,
      757.0,
      842.0,
      776.0,
      940.0,
      695.0,
      507.0,
      456.0,
      421.0,
      436.0,
      520.0,
      543.0,
      534.0,
      597.0,
      790.0,
      1042.0,
      1132.0,
      949.0,
      874.0,
      673.0,
      625.0,
      642.0,
      709.0,
      733.0,
      718.0,
      790.0,
      970.0,
      1054.0,
      1132.0,
      1064.0,
      864.0,
      811.0,
      841.0,
      794.0,
      910.0,
      906.0,
      966.0,
      1161.0,
      1102.0,
      1100.0,
      1379.0,
      1384.0,
      1555.0,
      2115.0,
      1064.0,
      1276.0,
      1367.0
    ],
    [
      1097.0,
      1139.0,
      1277.0,
      1262.0,
      956.0,
      882.0,
      977.0,
      635.0,
      607.0,
      484.0,
      241.0,
      97.0,
      1151.0,
      1316.0,
      624.0,
      714.0,
      532.0,
      436.0,
      133.0,
      0.0,
      101.0,
      186.0,
      235.0,
      317.0,
      279.0,
      374.0,
      560.0,
      454.0,
      551.0,
      625.0,
      723.0,
      615.0,
      710.0,
      797.0,
      789.0,
      874.0,
      808.0,
      1069.0,
      727.0,
      539.0,
      322.0,
      288.0,
      566.0,
      386.0,
      410.0,
      564.0,
      626.0,
      822.0,
      1074.0,
      1165.0,
      982.0,
      906.0,
      703.0,
      654.0,
      509.0,
      575.0,
      600.0,
      747.0,
      820.0,
      1002.0,
      1086.0,
      1162.0,
      1097.0,
      894.0,
      842.0,
      707.0,
      661.0,
      776.0,
      934.0,
      995.0,
      1193.0,
      969.0,
      1120.0,
      1245.0,
      1417.0,
      1587.0,
      2147.0,
      1249.0,
      1461.0,
      1551.0
    ],
    [
      1198.0,
      1240.0,
      1378.0,
      1363.0,
      1057.0,
      983.0,
      1078.0,
      637.0,
      609.0,
      486.0,
      342.0,
      198.0,
      1252.0,
      1417.0,
      626.0,
      716.0,
      534.0,
      438.0,
      234.0,
      101.0,
      0.0,
      85.0,
      237.0,
      216.0,
      282.0,
      376.0,
      459.0,
      456.0,
      636.0,
      627.0,
      725.0,
      617.0,
      712.0,
      799.0,
      792.0,
      877.0,
      892.0,
      968.0,
      729.0,
      624.0,
      221.0,
      187.0,
      465.0,
      285.0,
      309.0,
      463.0,
      525.0,
      718.0,
      973.0,
      1064.0,
      878.0,
      803.0,
      602.0,
      553.0,
      408.0,
      474.0,
      499.0,
      647.0,
      719.0,
      898.0,
      982.0,
      1061.0,
      993.0,
      793.0,
      741.0,
      606.0,
      560.0,
      675.0,
      833.0,
      894.0,
      1089.0,
      868.0,
      1019.0,
      1144.0,
      1313.0,
      1483.0,
      2043.0,
      1350.0,
      1562.0,
      1652.0
    ],
    [
      1283.0,
      1325.0,
      1463.0,
      1448.0,
      1142.0,
      1068.0,
      1163.0,
      722.0,
      694.0,
      571.0,
      427.0,
      283.0,
      1336.0,
      1501.0,
      711.0,
      801.0,
      619.0,
      523.0,
      319.0,
      186.0,
      85.0,
      0.0,
      322.0,
      132.0,
      366.0,
      474.0,
      374.0,
      642.0,
      551.0,
      712.0,
      630.0,
      702.0,
      905.0,
      884.0,
      876.0,
      981.0,
      807.0,
      883.0,
      626.0,
      539.0,
      137.0,
      102.0,
      380.0,
      200.0,
      224.0,
      378.0,
      440.0,
      633.0,
      888.0,
      979.0,
      793.0,
      718.0,
      517.0,
      468.0,
      323.0,
      390.0,
      414.0,
      562.0,
      634.0,
      813.0,
      897.0,
      976.0,
      908.0,
      708.0,
      656.0,
      521.0,
      475.0,
      590.0,
      748.0,
      809.0,
      1005.0,
      783.0,
      934.0,
      1060.0,
      1228.0,
      1398.0,
      1958.0,
      1435.0,
      1647.0,
      1737.0
    ],
    [
      1076.0,
      1118.0,
      1257.0,
      1241.0,
      935.0,
      752.0,
      657.0,
      584.0,
      556.0,
      433.0,
      477.0,
      332.0,
      778.0,
      830.0,
      573.0,
      663.0,
      481.0,
      385.0,
      369.0,
      235.0,
      237.0,
      322.0,
      0.0,
      471.0,
      228.0,
      323.0,
      423.0,
      403.0,
      500.0,
      574.0,
      672.0,
      564.0,
      659.0,
      746.0,
      738.0,
      823.0,
      757.0,
      922.0,
      676.0,
      488.0,
      466.0,
      424.0,
      417.0,
      523.0,
      546.0,
      516.0,
      578.0,
      771.0,
      1023.0,
      1114.0,
      931.0,
      855.0,
      655.0,
      606.0,
      653.0,
      712.0,
      756.0,
      700.0,
      772.0,
      951.0,
      1035.0,
      1116.0,
      1045.0,
      845.0,
      793.0,
      837.0,
      797.0,
      913.0,
      887.0,
      947.0,
      1142.0,
      1105.0,
      1081.0,
      1197.0,
      1366.0,
      1536.0,
      2096.0,
      1228.0,
      1440.0,
      1531.0
    ],
    [
      1180.0,
      1222.0,
      1360.0,
      1345.0,
      1039.0,
      856.0,
      761.0,
      688.0,
      660.0,
      537.0,
      559.0,
      414.0,
      882.0,
      934.0,
      677.0,
      767.0,
      585.0,
      489.0,
      451.0,
      317.0,
      216.0,
      132.0,
      471.0,
      0.0,
      243.0,
      148.0,
      148.0,
      316.0,
      225.0,
      591.0,
      492.0,
      668.0,
      767.0,
      850.0,
      928.0,
      843.0,
      669.0,
      745.0,
      488.0,
      213.0,
      5.0,
      130.0,
      141.0,
      228.0,
      252.0,
      240.0,
      302.0,
      495.0,
      750.0,
      841.0,
      655.0,
      580.0,
      379.0,
      331.0,
      377.0,
      417.0,
      480.0,
      424.0,
      496.0,
      675.0,
      759.0,
      838.0,
      770.0,
      570.0,
      517.0,
      549.0,
      503.0,
      618.0,
      611.0,
      671.0,
      867.0,
      811.0,
      805.0,
      921.0,
      1090.0,
      1261.0,
      1821.0,
      1332.0,
      1544.0,
      1635.0
    ],
    [
      937.0,
      979.0,
      1118.0,
      1102.0,
      796.0,
      613.0,
      518.0,
      445.0,
      417.0,
      294.0,
      353.0,
      376.0,
      639.0,
      692.0,
      434.0,
      524.0,
      342.0,
      246.0,
      247.0,
      279.0,
      282.0,
      366.0,
      228.0,
      243.0,
      0.0,
      94.0,
      195.0,
      175.0,
      272.0,
      435.0,
      533.0,
      425.0,
      520.0,
      607.0,
      600.0,
      685.0,
      618.0,
      792.0,
      537.0,
      260.0,
      238.0,
      467.0,
      188.0,
      473.0,
      345.0,
      287.0,
      349.0,
      632.0,
      798.0,
      888.0,
      792.0,
      717.0,
      426.0,
      378.0,
      425.0,
      662.0,
      528.0,
      471.0,
      543.0,
      812.0,
      896.0,
      885.0,
      907.0,
      617.0,
      564.0,
      609.0,
      747.0,
      722.0,
      658.0,
      719.0,
      1003.0,
      1055.0,
      852.0,
      969.0,
      1227.0,
      1397.0,
      1957.0,
      1090.0,
      1301.0,
      1392.0
    ],
    [
      1032.0,
      1074.0,
      1212.0,
      1197.0,
      891.0,
      707.0,
      612.0,
      540.0,
      511.0,
      389.0,
      447.0,
      471.0,
      733.0,
      786.0,
      528.0,
      619.0,
      436.0,
      340.0,
      341.0,
      374.0,
      376.0,
      474.0,
      323.0,
      148.0,
      94.0,
      0.0,
      101.0,
      168.0,
      178.0,
      530.0,
      445.0,
      519.0,
      720.0,
      701.0,
      694.0,
      796.0,
      622.0,
      698.0,
      441.0,
      166.0,
      143.0,
      373.0,
      94.0,
      379.0,
      250.0,
      193.0,
      255.0,
      448.0,
      703.0,
      794.0,
      608.0,
      533.0,
      332.0,
      284.0,
      330.0,
      568.0,
      433.0,
      377.0,
      449.0,
      628.0,
      712.0,
      791.0,
      723.0,
      523.0,
      470.0,
      514.0,
      653.0,
      628.0,
      564.0,
      625.0,
      820.0,
      961.0,
      758.0,
      874.0,
      1043.0,
      1214.0,
      1774.0,
      1184.0,
      1396.0,
      1486.0
    ],
    [
      1132.0,
      1174.0,
      1313.0,
      1297.0,
      991.0,
      808.0,
      713.0,
      640.0,
      612.0,
      489.0,
      548.0,
      656.0,
      834.0,
      887.0,
      629.0,
      719.0,
      537.0,
      441.0,
      442.0,
      560.0,
      459.0,
      374.0,
      423.0,
      148.0,
      195.0,
      101.0,
      0.0,
      268.0,
      177.0,
      443.0,
      345.0,
      620.0,
      619.0,
      885.0,
      781.0,
      696.0,
      521.0,
      597.0,
      341.0,
      165.0,
      143.0,
      272.0,
      7.0,
      278.0,
      150.0,
      92.0,
      154.0,
      348.0,
      603.0,
      693.0,
      507.0,
      432.0,
      231.0,
      183.0,
      230.0,
      467.0,
      333.0,
      276.0,
      348.0,
      528.0,
      612.0,
      690.0,
      622.0,
      422.0,
      369.0,
      414.0,
      552.0,
      527.0,
      463.0,
      524.0,
      719.0,
      860.0,
      658.0,
      774.0,
      942.0,
      1113.0,
      1673.0,
      1284.0,
      1496.0,
      1587.0
    ],
    [
      859.0,
      901.0,
      1040.0,
      1024.0,
      718.0,
      534.0,
      439.0,
      583.0,
      592.0,
      469.0,
      528.0,
      551.0,
      560.0,
      612.0,
      355.0,
      445.0,
      263.0,
      421.0,
      422.0,
      454.0,
      456.0,
      642.0,
      403.0,
      316.0,
      175.0,
      168.0,
      268.0,
      0.0,
      345.0,
      175.0,
      273.0,
      346.0,
      260.0,
      528.0,
      520.0,
      605.0,
      358.0,
      622.0,
      277.0,
      333.0,
      311.0,
      540.0,
      262.0,
      546.0,
      418.0,
      361.0,
      423.0,
      372.0,
      627.0,
      718.0,
      532.0,
      457.0,
      500.0,
      451.0,
      498.0,
      735.0,
      601.0,
      545.0,
      635.0,
      552.0,
      636.0,
      718.0,
      647.0,
      690.0,
      638.0,
      682.0,
      821.0,
      796.0,
      732.0,
      817.0,
      743.0,
      1129.0,
      926.0,
      1118.0,
      967.0,
      1137.0,
      1697.0,
      1012.0,
      1223.0,
      959.0
    ],
    [
      956.0,
      998.0,
      1136.0,
      1120.0,
      815.0,
      630.0,
      535.0,
      679.0,
      689.0,
      566.0,
      625.0,
      648.0,
      656.0,
      709.0,
      451.0,
      541.0,
      359.0,
      518.0,
      519.0,
      551.0,
      636.0,
      551.0,
      500.0,
      225.0,
      272.0,
      178.0,
      177.0,
      345.0,
      0.0,
      180.0,
      174.0,
      442.0,
      356.0,
      624.0,
