{
  "depot": {
    "id": 30,
    "name": "Depot 30"
  },
  "num_nodes": 30,
  "nodes": [
    {
      "id": 1,
      "name": "Node 1",
      "general_demand": 15.0,
      "recycle_demand": 5.0
    },
    {
      "id": 2,
      "name": "Node 2",
      "general_demand": 20.0,
      "recycle_demand": 0.0
    },
    {
      "id": 3,
      "name": "Node 3",
      "general_demand": 0.0,
      "recycle_demand": 0.0
    },
    {
      "id": 4,
      "name": "Node 4",
      "general_demand": 40.0,
      "recycle_demand": 4.0
    },
    {
      "id": 5,
      "name": "Node 5",
      "general_demand": 170.0,
      "recycle_demand": 12.0
    },
    {
      "id": 6,
      "name": "Node 6",
      "general_demand": 5.0,
      "recycle_demand": 1.0
    },
    {
      "id": 7,
      "name": "Node 7",
      "general_demand": 24.0,
      "recycle_demand": 4.0
    },
    {
      "id": 8,
      "name": "Node 8",
      "general_demand": 120.0,
      "recycle_demand": 6.0
    },
    {
      "id": 9,
      "name": "Node 9",
      "general_demand": 60.0,
      "recycle_demand": 5.0
    },
    {
      "id": 10,
      "name": "Node 10",
      "general_demand": 16.0,
      "recycle_demand": 1.0
    },
    {
      "id": 11,
      "name": "Node 11",
      "general_demand": 30.0,
      "recycle_demand": 1.0
    },
    {
      "id": 12,
      "name": "Node 12",
      "general_demand": 8.0,
      "recycle_demand": 0.0
    },
    {
      "id": 13,
      "name": "Node 13",
      "general_demand": 7.0,
      "recycle_demand": 0.0
    },
    {
      "id": 14,
      "name": "Node 14",
      "general_demand": 2.0,
      "recycle_demand": 0.0
    },
    {
      "id": 15,
      "name": "Node 15",
      "general_demand": 19.0,
      "recycle_demand": 3.0
    },
    {
      "id": 16,
      "name": "Node 16",
      "general_demand": 10.0,
      "recycle_demand": 0.0
    },
    {
      "id": 17,
      "name": "Node 17",
      "general_demand": 17.0,
      "recycle_demand": 2.0
    },
    {
      "id": 18,
      "name": "Node 18",
      "general_demand": 10.0,
      "recycle_demand": 0.0
    },
    {
      "id": 19,
      "name": "Node 19",
      "general_demand": 15.0,
      "recycle_demand": 0.0
    },
    {
      "id": 20,
      "name": "Node 20",
      "general_demand": 11.0,
      "recycle_demand": 0.0
    },
    {
      "id": 21,
      "name": "Node 21",
      "general_demand": 3.0,
      "recycle_demand": 0.0
    },
    {
      "id": 22,
      "name": "Node 22",
      "general_demand": 3.0,
      "recycle_demand": 0.0
    },
    {
      "id": 23,
      "name": "Node 23",
      "general_demand": 21.0,
      "recycle_demand": 4.0
    },
    {
      "id": 24,
      "name": "Node 24",
      "general_demand": 18.0,
      "recycle_demand": 0.0
    },
    {
      "id": 25,
      "name": "Node 25",
      "general_demand": 12.0,
      "recycle_demand": 0.0
    },
    {
      "id": 26,
      "name": "Node 26",
      "general_demand": 20.0,
      "recycle_demand": 3.0
    },
    {
      "id": 27,
      "name": "Node 27",
      "general_demand": 10.0,
      "recycle_demand": 0.0
    },
    {
      "id": 28,
      "name": "Node 28",
      "general_demand": 19.0,
      "recycle_demand": 0.0
    },
    {
      "id": 29,
      "name": "Node 29",
      "general_demand": 23.0,
      "recycle_demand": 3.0
    },
    {
      "id": 30,
      "name": "Depot (30)",
      "general_demand": 0.0,
      "recycle_demand": 0.0
    }
  ],
  "vehicles": [
    {
      "type": "A",
      "general_capacity": 2000.0,
      "recycle_capacity": 200.0,
      "fixed_cost": 2400.0,
      "fuel_cost_per_distance": 8.0
    },
    {
      "type": "B",
      "general_capacity": 2000.0,
      "recycle_capacity": 200.0,
      "fixed_cost": 2400.0,
      "fuel_cost_per_distance": 8.0
    },
    {
      "type": "C",
      "general_capacity": 2000.0,
      "recycle_capacity": 200.0,
      "fixed_cost": 2400.0,
      "fuel_cost_per_distance": 9.0
    }
  ],
  "distance_matrix": [
    [
      0.0,
      122.0,
      261.0,
      430.0,
      400.0,
      326.0,
      421.0,
      479.0,
      516.0,
      639.0,
      822.0,
      1000.0,
      355.0,
      299.0,
      505.0,
      469.0,
      597.0,
      687.0,
      912.0,
      1097.0,
      1198.0,
      1283.0,
      1076.0,
      1180.0,
      937.0,
      1032.0,
      1132.0,
      859.0,
      956.0,
      776.0
    ],
    [
      122.0,
      0.0,
      138.0,
      308.0,
      442.0,
      368.0,
      463.0,
      522.0,
      558.0,
      681.0,
      864.0,
      1042.0,
      325.0,
      268.0,
      547.0,
      438.0,
      639.0,
      729.0,
      954.0,
      1139.0,
      1240.0,
      1325.0,
      1118.0,
      1222.0,
      979.0,
      1074.0,
      1174.0,
      901.0,
      998.0,
      818.0
    ],
    [
      261.0,
      138.0,
      0.0,
      169.0,
      580.0,
      506.0,
      601.0,
      660.0,
      696.0,
      819.0,
      1003.0,
      1180.0,
      463.0,
      407.0,
      685.0,
      577.0,
      777.0,
      867.0,
      1093.0,
      1277.0,
      1378.0,
      1463.0,
      1257.0,
      1360.0,
      1118.0,
      1212.0,
      1313.0,
      1040.0,
      1136.0,
      956.0
    ],
    [
      430.0,
      308.0,
      169.0,
      0.0,
      306.0,
      490.0,
      586.0,
      644.0,
      681.0,
      804.0,
      987.0,
      1165.0,
      632.0,
      576.0,
      670.0,
      746.0,
      762.0,
      851.0,
      1077.0,
      1262.0,
      1363.0,
      1448.0,
      1241.0,
      1345.0,
      1102.0,
      1197.0,
      1297.0,
      1024.0,
      1120.0,
      941.0
    ],
    [
      400.0,
      442.0,
      580.0,
      306.0,
      0.0,
      185.0,
      280.0,
      338.0,
      375.0,
      498.0,
      681.0,
      859.0,
      675.0,
      618.0,
      364.0,
      535.0,
      456.0,
      546.0,
      771.0,
      956.0,
      1057.0,
      1142.0,
      935.0,
      1039.0,
      796.0,
      891.0,
      991.0,
      718.0,
      815.0,
      635.0
    ],
    [
      326.0,
      368.0,
      506.0,
      490.0,
      185.0,
      0.0,
      95.0,
      154.0,
      190.0,
      313.0,
      607.0,
      785.0,
      601.0,
      544.0,
      179.0,
      350.0,
      271.0,
      361.0,
      697.0,
      882.0,
      983.0,
      1068.0,
      752.0,
      856.0,
      613.0,
      707.0,
      808.0,
      534.0,
      630.0,
      450.0
    ],
    [
      421.0,
      463.0,
      601.0,
      586.0,
      280.0,
      95.0,
      0.0,
      209.0,
      95.0,
      218.0,
      702.0,
      880.0,
      696.0,
      639.0,
      84.0,
      255.0,
      176.0,
      266.0,
      792.0,
      977.0,
      1078.0,
      1163.0,
      657.0,
      761.0,
      518.0,
      612.0,
      713.0,
      439.0,
      535.0,
      355.0
    ],
    [
      479.0,
      522.0,
      660.0,
      644.0,
      338.0,
      154.0,
      209.0,
      0.0,
      114.0,
      151.0,
      330.0,
      874.0,
      330.0,
      698.0,
      228.0,
      399.0,
      320.0,
      419.0,
      420.0,
      635.0,
      637.0,
      722.0,
      584.0,
      688.0,
      445.0,
      540.0,
      640.0,
      583.0,
      679.0,
      499.0
    ],
    [
      516.0,
      558.0,
      696.0,
      681.0,
      375.0,
      190.0,
      95.0,
      114.0,
      0.0,
      123.0,
      302.0,
      845.0,
      216.0,
      735.0,
      127.0,
      298.0,
      219.0,
      391.0,
      392.0,
      607.0,
      609.0,
      694.0,
      556.0,
      660.0,
      417.0,
      511.0,
      612.0,
      592.0,
      689.0,
      398.0
    ],
    [
      639.0,
      681.0,
      819.0,
      804.0,
      498.0,
      313.0,
      218.0,
      151.0,
      123.0,
      0.0,
      179.0,
      723.0,
      339.0,
      982.0,
      249.0,
      420.0,
      341.0,
      268.0,
      269.0,
      484.0,
      486.0,
      571.0,
      433.0,
      537.0,
      294.0,
      389.0,
      489.0,
      469.0,
      566.0,
      520.0
    ],
    [
      822.0,
      864.0,
      1003.0,
      987.0,
      681.0,
      607.0,
      702.0,
      330.0,
      302.0,
      179.0,
      0.0,
      145.0,
      1097.0,
      1041.0,
      786.0,
      957.0,
      878.0,
      327.0,
      279.0,
      241.0,
      342.0,
      427.0,
      477.0,
      559.0,
      353.0,
      447.0,
      548.0,
      528.0,
      625.0,
      699.0
    ],
    [
      1000.0,
      1042.0,
      1180.0,
      1165.0,
      859.0,
      785.0,
      880.0,
      874.0,
      845.0,
      723.0,
      145.0,
      0.0,
      1275.0,
      1219.0,
      964.0,
      1135.0,
      1056.0,
      533.0,
      135.0,
      97.0,
      198.0,
      283.0,
      332.0,
      414.0,
      376.0,
      471.0,
      656.0,
      551.0,
      648.0,
      722.0
    ],
    [
      355.0,
      325.0,
      463.0,
      632.0,
      675.0,
      601.0,
      696.0,
      330.0,
      216.0,
      339.0,
      1097.0,
      1275.0,
      0.0,
      166.0,
      205.0,
      208.0,
      297.0,
      387.0,
      966.0,
      1151.0,
      1252.0,
      1336.0,
      778.0,
      882.0,
      639.0,
      733.0,
      834.0,
      560.0,
      656.0,
      476.0
    ],
    [
      299.0,
      268.0,
      407.0,
      576.0,
      618.0,
      544.0,
      639.0,
      698.0,
      735.0,
      982.0,
      1041.0,
      1219.0,
      166.0,
      0.0,
      723.0,
      170.0,
      435.0,
      905.0,
      1131.0,
      1316.0,
      1417.0,
      1501.0,
      830.0,
      934.0,
      692.0,
      786.0,
      887.0,
      612.0,
      709.0,
      529.0
    ],
    [
      505.0,
      547.0,
      685.0,
      670.0,
      364.0,
      179.0,
      84.0,
      228.0,
      127.0,
      249.0,
      786.0,
      964.0,
      205.0,
      723.0,
      0.0,
      171.0,
      92.0,
      182.0,
      586.0,
      624.0,
      626.0,
      711.0,
      573.0,
      677.0,
      434.0,
      528.0,
      629.0,
      355.0,
      451.0,
      271.0
    ],
    [
      469.0,
      438.0,
      577.0,
      746.0,
      535.0,
      350.0,
      255.0,
      399.0,
      298.0,
      420.0,
      957.0,
      1135.0,
      208.0,
      170.0,
      171.0,
      0.0,
      182.0,
      272.0,
      677.0,
      714.0,
      716.0,
      801.0,
      663.0,
      767.0,
      524.0,
      619.0,
      719.0,
      445.0,
      541.0,
      361.0
    ],
    [
      597.0,
      639.0,
      777.0,
      762.0,
      456.0,
      271.0,
      176.0,
      320.0,
      219.0,
      341.0,
      878.0,
      1056.0,
      297.0,
      435.0,
      92.0,
      182.0,
      0.0,
      193.0,
      494.0,
      532.0,
      534.0,
      619.0,
      481.0,
      585.0,
      342.0,
      436.0,
      537.0,
      263.0,
      359.0,
      179.0
    ],
    [
      687.0,
      729.0,
      867.0,
      851.0,
      546.0,
      361.0,
      266.0,
      419.0,
      391.0,
      268.0,
      327.0,
      533.0,
      387.0,
      905.0,
      182.0,
      272.0,
      193.0,
      0.0,
      221.0,
      436.0,
      438.0,
      523.0,
      385.0,
      489.0,
      246.0,
      340.0,
      441.0,
      421.0,
      518.0,
      372.0
    ],
    [
      912.0,
      954.0,
      1093.0,
      1077.0,
      771.0,
      697.0,
      792.0,
      420.0,
      392.0,
      269.0,
      279.0,
      135.0,
      966.0,
      1131.0,
      586.0,
      677.0,
      494.0,
      221.0,
      0.0,
      133.0,
      234.0,
      319.0,
      369.0,
      451.0,
      247.0,
      341.0,
      442.0,
      422.0,
      519.0,
      593.0
    ],
    [
      1097.0,
      1139.0,
      1277.0,
      1262.0,
      956.0,
      882.0,
      977.0,
      635.0,
      607.0,
      484.0,
      241.0,
      97.0,
      1151.0,
      1316.0,
      624.0,
      714.0,
      532.0,
      436.0,
      133.0,
      0.0,
      101.0,
      186.0,
      235.0,
      317.0,
      279.0,
      374.0,
      560.0,
      454.0,
      551.0,
      625.0
    ],
    [
      1198.0,
      1240.0,
      1378.0,
      1363.0,
      1057.0,
      983.0,
      1078.0,
      637.0,
      609.0,
      486.0,
      342.0,
      198.0,
      1252.0,
      1417.0,
      626.0,
      716.0,
      534.0,
      438.0,
      234.0,
      101.0,
      0.0,
      85.0,
      237.0,
      216.0,
      282.0,
      376.0,
      459.0,
      456.0,
      636.0,
      627.0
    ],
    [
      1283.0,
      1325.0,
      1463.0,
      1448.0,
      1142.0,
      1068.0,
      1163.0,
      722.0,
      694.0,
      571.0,
      427.0,
      283.0,
      1336.0,
      1501.0,
      711.0,
      801.0,
      619.0,
      523.0,
      319.0,
      186.0,
      85.0,
      0.0,
      322.0,
      132.0,
      366.0,
      474.0,
      374.0,
      642.0,
      551.0,
      712.0
    ],
    [
      1076.0,
      1118.0,
      1257.0,
      1241.0,
      935.0,
      752.0,
      657.0,
      584.0,
      556.0,
      433.0,
      477.0,
      332.0,
      778.0,
      830.0,
      573.0,
      663.0,
      481.0,
      385.0,
      369.0,
      235.0,
      237.0,
      322.0,
      0.0,
      471.0,
      228.0,
      323.0,
      423.0,
      403.0,
      500.0,
      574.0
    ],
    [
      1180.0,
      1222.0,
      1360.0,
      1345.0,
      1039.0,
      856.0,
      761.0,
      688.0,
      660.0,
      537.0,
      559.0,
      414.0,
      882.0,
      934.0,
      677.0,
      767.0,
      585.0,
      489.0,
      451.0,
      317.0,
      216.0,
      132.0,
      471.0,
      0.0,
      243.0,
      148.0,
      148.0,
      316.0,
      225.0,
      591.0
    ],
    [
      937.0,
      979.0,
      1118.0,
      1102.0,
      796.0,
      613.0,
      518.0,
      445.0,
      417.0,
      294.0,
      353.0,
      376.0,
      639.0,
      692.0,
      434.0,
      524.0,
      342.0,
      246.0,
      247.0,
      279.0,
      282.0,
      366.0,
      228.0,
      243.0,
      0.0,
      94.0,
      195.0,
      175.0,
      272.0,
      435.0
    ],
    [
      1032.0,
      1074.0,
      1212.0,
      1197.0,
      891.0,
      707.0,
      612.0,
      540.0,
      511.0,
      389.0,
      447.0,
      471.0,
      733.0,
      786.0,
      528.0,
      619.0,
      436.0,
      340.0,
      341.0,
      374.0,
      376.0,
      474.0,
      323.0,
      148.0,
      94.0,
      0.0,
      101.0,
      168.0,
      178.0,
      530.0
    ],
    [
      1132.0,
      1174.0,
      1313.0,
      1297.0,
      991.0,
      808.0,
      713.0,
      640.0,
      612.0,
      489.0,
      548.0,
      656.0,
      834.0,
      887.0,
      629.0,
      719.0,
      537.0,
      441.0,
      442.0,
      560.0,
      459.0,
      374.0,
      423.0,
      148.0,
      195.0,
      101.0,
      0.0,
      268.0,
      177.0,
      443.0
    ],
    [
      859.0,
      901.0,
      1040.0,
      1024.0,
      718.0,
      534.0,
      439.0,
      583.0,
      592.0,
      469.0,
      528.0,
      551.0,
      560.0,
      612.0,
      355.0,
      445.0,
      263.0,
      421.0,
      422.0,
      454.0,
      456.0,
      642.0,
      403.0,
      316.0,
      175.0,
      168.0,
      268.0,
      0.0,
      345.0,
      175.0
    ],
    [
      956.0,
      998.0,
      1136.0,
      1120.0,
      815.0,
      630.0,
      535.0,
      679.0,
      689.0,
      566.0,
      625.0,
      648.0,
      656.0,
      709.0,
      451.0,
      541.0,
      359.0,
      518.0,
      519.0,
      551.0,
      636.0,
      551.0,
      500.0,
      225.0,
      272.0,
      178.0,
      177.0,
      345.0,
      0.0,
      180.0
    ],
    [
      776.0,
      818.0,
      956.0,
      941.0,
      635.0,
      450.0,
      355.0,
      499.0,
      398.0,
      520.0,
      699.0,
      722.0,
      476.0,
      529.0,
      271.0,
      361.0,
      179.0,
      372.0,
      593.0,
      625.0,
      627.0,
      712.0,
      574.0,
      591.0,
      435.0,
      530.0,
      443.0,
      175.0,
      180.0,
      0.0
    ]
  ],
  "summary": {
    "total_general_demand": 728.0,
    "total_recycle_demand": 54.0,
    "num_vehicles": 3
  }
}